3.418667559463182681e-01 8.189023250648411079e+00
-3.868668374784197450e+00 3.598105105325811515e+00
6.771693565650504176e+00 -5.538125912227208403e+00
7.940069922089699972e+00 1.353376356493060761e+00
-4.752689010606836462e+00 4.362347930244640182e+00
9.048004032931497020e-01 -7.633340435167622395e+00
-5.734372380789572787e+00 -5.007695905039252438e+00
-2.773063842701445569e+00 3.991434599884392753e+00
4.856942582262360197e+00 5.116463030027181169e+00
-4.492504587326901166e+00 5.444951580133220226e+00
-1.017015304269277998e+00 3.808947341650627649e+00
6.648078837850937894e+00 2.730591009925637191e+00
6.588786095776383966e+00 -6.629941254228345571e+00
4.599588199204372785e+00 2.836794662466125327e+00
1.815425576075619940e+00 6.454950794011717896e+00
-6.477084862396489395e-01 4.868798443058612868e+00
3.824231927726858604e+00 4.796017987424052720e+00
-2.958567915252983127e+00 1.197421787464731269e+00
4.627429202797697982e+00 3.984031143339895387e+00
-1.105037831259656045e+00 6.821807014982525175e+00
4.721839409590426584e+00 6.254767974039250333e+00
-3.012591467388694877e+00 2.874668743567064144e+00
-9.470211955062896036e-01 9.841733661383351262e+00
-2.565163316622287137e+00 1.290316058276775868e-01
-3.697608222043812898e+00 4.674564468867947298e+00
3.972416418302347818e+00 2.248293545587813358e-01
-6.647593418798882325e+00 -4.289097484473626487e+00
7.665843386471917320e+00 3.583451947958532280e+00
-5.724483365123316236e-01 -6.196348062245500721e+00
-3.202598481219108284e-01 -7.289830122068514662e+00
6.874150574013212278e+00 1.643069914939925935e+00
5.623876344278441408e+00 -1.964949286624731783e+00
3.309474529801341713e+00 -4.623383490756281411e+00
-6.766272203836200205e+00 -1.347607496306694186e+00
7.127088561226281094e+00 5.469564054672503284e-01
5.263340226428651070e-01 -6.567505746182381365e+00
-9.572851895918478959e+00 -9.805711441830075592e-02
3.882373823449118411e-01 5.141846468202816212e+00
6.918338256649052553e-01 6.202205805879238198e+00
1.962782134432310865e+00 -7.947538256349958807e+00
2.589813851961528357e+00 5.650233559121812021e+00
5.951332490468510983e+00 1.008916590102489685e+00
6.600105974232188366e+00 3.834807106437346569e+00
-3.666707969587989502e-01 6.002573922204906154e+00
-2.214836986932625873e+00 7.159374118920831087e+00
4.304327896875475901e+00 -8.308334035334103973e-01
-1.701766644424344888e+00 -6.377567015618736512e+00
4.738123621602622570e+00 -7.352691090896816384e+00
-9.063953648051255030e+00 8.816285286562938195e-01
-1.233371813855756782e+00 -5.288182166368449622e+00
2.092204912061880417e+00 7.515891010864575783e+00
1.482862925088699990e+00 5.437566336383943266e+00
-7.968937242337735150e+00 9.547226057457799397e-01
5.088389750735315964e+00 1.731792802428886446e-01
8.183992682292178245e+00 2.390635910494059158e-01
-2.239068406021309077e+00 -8.366429857242321688e+00
3.856902542035049120e+00 -8.027970729968682662e+00
-6.507258657466587159e+00 5.782273688217956398e+00
-7.085015818961730716e+00 -3.277386068888291426e+00
7.653921122511964548e+00 -6.240824732209089731e+00
-7.684672429082615996e-02 7.091543951077229124e+00
-1.398028481565794845e+00 -7.565757109157198457e+00
-5.443792898568782235e+00 6.224752504332359493e+00
3.651350720695772267e+00 -6.932767788978242862e+00
-1.452138942666287846e+00 5.716814900835050395e+00
-8.579939373254230617e+00 1.911108333886562427e+00
-3.688663117537879010e+00 3.548901851775265737e-01
-6.415388552282303536e+00 -2.427603033563122903e+00
5.665414901151547333e+00 3.282237262588643567e+00
-8.455422360659051506e+00 -5.170439004941554395e-02
-5.523786499955039453e+00 5.122790022588008085e+00
6.446238607818334465e+00 -1.177654583055268045e+00
4.565539559914810752e+00 -6.234737977967387934e+00
-5.657667135397005609e+00 -3.870958896859105991e+00
-3.431728253915292903e+00 -7.705904768477248590e-01
7.683177685867415896e+00 2.460054322430627938e+00
5.737655253098302488e+00 2.142899858147993442e+00
6.206960026960793186e+00 -1.141429857671161230e-01
-1.655957147014087694e+00 8.954934573823008392e+00
1.158922611932411195e+00 -8.741762372888040034e+00
7.347811447569452703e+00 -5.109303563734481912e-01
-2.455747182036639220e+00 -7.239450225841500774e+00
5.662792360093147792e+00 4.377344859740447625e+00
3.772886349480649576e-02 -8.357059546139428363e+00
-5.575061435890843464e-01 8.789863557179119269e+00
1.023881642433141170e+00 7.244783301047997170e+00
2.556004396122247835e-01 -5.492289181374925278e+00
5.399629069099272982e+00 -8.765766164739148270e-01
-2.381777422852951354e+00 -9.942258004758703915e-01
5.850673416011567873e+00 5.767929976304235318e+00
3.549890859213028271e+00 -5.758470393321641900e+00
-1.317921634853581603e+00 7.923265117034800298e+00
8.594375899304283806e+00 3.030010007844802455e+00
-1.772309424884647377e+00 4.631355931232874035e+00
-5.648422859288142028e+00 -1.643023698190579251e+00
-5.344559069504088100e+00 -2.780790585124172321e+00
2.932379660253367604e+00 6.738611404748555245e+00
6.586256711024515376e+00 4.931152222642428917e+00
3.645240205401337530e+00 5.893361598032367255e+00
4.388218059616236566e+00 -5.045247567061663219e+00
